{
  "update_time": 1654674242.3772693,
  "recent_average_consume_time": 2.8681012392044067,
  "queue_last_emptied_timestamp": 1654674242.3772564,
  "consumed_since_last_emptied": 0
}
