{
  "update_time": 1654675278.6509843,
  "recent_average_consume_time": 0.03465881714454064,
  "queue_last_emptied_timestamp": 1654675278.6509469,
  "consumed_since_last_emptied": 0
}
