{
  "update_time": 1654674291.643182,
  "recent_average_consume_time": 0.061218914985656736,
  "queue_last_emptied_timestamp": 1654674291.6431596,
  "consumed_since_last_emptied": 0
}
