{
  "update_time": 1654675277.6172512,
  "recent_average_consume_time": 0.04983450412750244,
  "queue_last_emptied_timestamp": 1654675277.6172292,
  "consumed_since_last_emptied": 0
}
